57
4
37
58
93
82
10
3
94
65
49
77
21
20
58
89
77
55
39
20
48
39
45
35
9
21
81
68
1
33
14
10
3
46
1
1
68
68
89
52
45
21
51
55
45
40
48
88
97
50
82
30
32
35
32
56
45
97
89
27
79
67
35
22
95
24
78
96
47
98
11
1
84
8
14
66
83
23
29
36
30
42
46
39
65
35
18
28
92
53
13
40
99
76
4
68
51
22
16
9
64
85
46
33
65
29
93
43
36
24
86
18
47
51
29
13
90
71
68
62
50
69
11
88
28
55
16
45
35
63
93
30
85
21
28
45
93
96
18
53
46
98
12
45
65
24
35
34
52
83
95
10
3
89
77
48
56
0
20
62
46
22
71
81
20
6
9
25
69
55
25
48
76
95
56
97
99
82
50
53
31
42
17
83
13
35
12
9
81
43
1
28
92
29
33
39
40
74
79
13
